{
 "cells": [
  {
   "cell_type": "code",
   "id": "initial_id",
   "metadata": {
    "collapsed": true,
    "ExecuteTime": {
     "end_time": "2026-05-27T02:58:17.316552Z",
     "start_time": "2026-05-27T02:58:17.311559Z"
    }
   },
   "source": [
    "import numpy as np\n",
    "import matplotlib.pyplot as plt"
   ],
   "outputs": [],
   "execution_count": 1
  },
  {
   "metadata": {},
   "cell_type": "markdown",
   "source": [
    "# Exercise 9-1\n",
    "- A square $Q$ has the following equalities, demonstrate this in code by computing $Q$ from a random matrix and show for all 4 expressions the result is the identity matrix\n",
    "$$\n",
    "Q^T Q = Q Q^T = Q^{-1} Q = Q Q^{-1} = I\n",
    "$$"
   ],
   "id": "ef1819eb3d7d8c50"
  },
  {
   "metadata": {
    "ExecuteTime": {
     "end_time": "2026-05-27T03:00:48.799488Z",
     "start_time": "2026-05-27T03:00:48.778379Z"
    }
   },
   "cell_type": "code",
   "source": [
    "A = np.random.default_rng().random((3, 3))\n",
    "Q, _ = np.linalg.qr(A)\n",
    "Q"
   ],
   "id": "4189090c610823fc",
   "outputs": [
    {
     "data": {
      "text/plain": [
       "array([[-0.53068632,  0.74381509,  0.40633871],\n",
       "       [-0.57547509,  0.03575766, -0.81703721],\n",
       "       [-0.62225433, -0.66742828,  0.40907095]])"
      ]
     },
     "execution_count": 3,
     "metadata": {},
     "output_type": "execute_result"
    }
   ],
   "execution_count": 3
  },
  {
   "metadata": {
    "ExecuteTime": {
     "end_time": "2026-05-27T03:00:59.323603Z",
     "start_time": "2026-05-27T03:00:59.310253Z"
    }
   },
   "cell_type": "code",
   "source": "Q.T @ Q",
   "id": "55c0d1812abdf311",
   "outputs": [
    {
     "data": {
      "text/plain": [
       "array([[ 1.00000000e+00,  1.27944418e-16,  3.61138357e-17],\n",
       "       [ 1.27944418e-16,  1.00000000e+00, -8.78929436e-17],\n",
       "       [ 3.61138357e-17, -8.78929436e-17,  1.00000000e+00]])"
      ]
     },
     "execution_count": 4,
     "metadata": {},
     "output_type": "execute_result"
    }
   ],
   "execution_count": 4
  },
  {
   "metadata": {
    "ExecuteTime": {
     "end_time": "2026-05-27T03:01:09.600907Z",
     "start_time": "2026-05-27T03:01:09.585932Z"
    }
   },
   "cell_type": "code",
   "source": "Q @ Q.T",
   "id": "24152941f3ad622e",
   "outputs": [
    {
     "data": {
      "text/plain": [
       "array([[ 1.00000000e+00, -5.55111512e-17, -1.38777878e-16],\n",
       "       [-5.55111512e-17,  1.00000000e+00,  0.00000000e+00],\n",
       "       [-1.38777878e-16,  0.00000000e+00,  1.00000000e+00]])"
      ]
     },
     "execution_count": 5,
     "metadata": {},
     "output_type": "execute_result"
    }
   ],
   "execution_count": 5
  },
  {
   "metadata": {
    "ExecuteTime": {
     "end_time": "2026-05-27T03:01:18.532838Z",
     "start_time": "2026-05-27T03:01:18.515602Z"
    }
   },
   "cell_type": "code",
   "source": "np.linalg.inv(Q) @ Q",
   "id": "b93a7110df35e12a",
   "outputs": [
    {
     "data": {
      "text/plain": [
       "array([[ 1.00000000e+00,  5.40986613e-17, -5.47181626e-17],\n",
       "       [ 3.34915837e-18,  1.00000000e+00,  1.30342068e-17],\n",
       "       [ 4.96867925e-17,  9.72287832e-17,  1.00000000e+00]])"
      ]
     },
     "execution_count": 6,
     "metadata": {},
     "output_type": "execute_result"
    }
   ],
   "execution_count": 6
  },
  {
   "metadata": {
    "ExecuteTime": {
     "end_time": "2026-05-27T03:01:31.674499Z",
     "start_time": "2026-05-27T03:01:31.657437Z"
    }
   },
   "cell_type": "code",
   "source": "Q @ np.linalg.inv(Q)",
   "id": "8b7d3edb4fa5af4f",
   "outputs": [
    {
     "data": {
      "text/plain": [
       "array([[ 1.00000000e+00,  1.58759739e-17,  3.44371605e-17],\n",
       "       [ 3.61889239e-17,  1.00000000e+00,  1.93829244e-16],\n",
       "       [ 6.94546678e-17, -7.90241138e-18,  1.00000000e+00]])"
      ]
     },
     "execution_count": 7,
     "metadata": {},
     "output_type": "execute_result"
    }
   ],
   "execution_count": 7
  },
  {
   "metadata": {},
   "cell_type": "markdown",
   "source": [
    "# Exercise 9-3\n",
    "- See what happens when you attempt QR decomposition to a matrix that is almost-but-not-quite orthogonal\n",
    "- Create an orthogonal matrix $U$ from the QR decomposition of a 6x6 matrix\n",
    "- Compute the QR decomposition of $U$ and confirm that $R = I$ and WHY\n",
    "- Modify the norms of each column of $U$ to be 10-15 i.e. vector from 10-15 @ U\n",
    "- Run modulated $U$ through QR decomposition and confirm that it's $R$ is the diagonal elements equaling 10-15\n",
    "- What is the $Q^T Q$ for this matrix?\n",
    "- Break the orthogonality of $U$ by setting element $u_{1,4} = 0$. What happens to $R$ and why?"
   ],
   "id": "b52f666abbdeec2"
  },
  {
   "metadata": {
    "ExecuteTime": {
     "end_time": "2026-05-27T03:08:11.705151Z",
     "start_time": "2026-05-27T03:08:11.690638Z"
    }
   },
   "cell_type": "code",
   "source": [
    "U, _ = np.linalg.qr(np.random.default_rng().random((6, 6)))\n",
    "U"
   ],
   "id": "24cc640ede0f9d3b",
   "outputs": [
    {
     "data": {
      "text/plain": [
       "array([[-0.07918398, -0.26091136,  0.73684914,  0.22533708, -0.4438026 ,\n",
       "        -0.36738393],\n",
       "       [-0.33723158, -0.80610302, -0.22420976,  0.26835078,  0.01877027,\n",
       "         0.33739933],\n",
       "       [-0.51346968, -0.07748051, -0.38034736, -0.32769338, -0.09345833,\n",
       "        -0.6852475 ],\n",
       "       [-0.3942302 ,  0.02559966,  0.4458975 , -0.05340132,  0.80047438,\n",
       "        -0.03862239],\n",
       "       [-0.54933743,  0.25226231,  0.18819836, -0.41333064, -0.38550398,\n",
       "         0.52888369],\n",
       "       [-0.39895436,  0.46024813, -0.16696111,  0.77209727, -0.06767505,\n",
       "        -0.02041954]])"
      ]
     },
     "execution_count": 10,
     "metadata": {},
     "output_type": "execute_result"
    }
   ],
   "execution_count": 10
  },
  {
   "metadata": {
    "ExecuteTime": {
     "end_time": "2026-05-27T03:21:15.924127Z",
     "start_time": "2026-05-27T03:21:15.904944Z"
    }
   },
   "cell_type": "code",
   "source": [
    "_, R = np.linalg.qr(U)\n",
    "# R will be an identity matrix because U is already orthogonal and thus to QR decompose an already orthogonal matrix we would just need to split out the Identity matrix\n",
    "R"
   ],
   "id": "8b7a69ca3af1189b",
   "outputs": [
    {
     "data": {
      "text/plain": [
       "array([[ 1.00000000e+00, -1.18431017e-17,  3.19098286e-17,\n",
       "         5.77880624e-17, -1.02047154e-16, -1.05087994e-16],\n",
       "       [ 0.00000000e+00,  1.00000000e+00, -2.23179611e-16,\n",
       "        -8.40656281e-17,  4.06470427e-17,  9.80356307e-17],\n",
       "       [ 0.00000000e+00,  0.00000000e+00,  1.00000000e+00,\n",
       "        -3.63128351e-17,  6.20062744e-17, -1.89868570e-16],\n",
       "       [ 0.00000000e+00,  0.00000000e+00,  0.00000000e+00,\n",
       "         1.00000000e+00,  3.85545192e-16,  8.13811393e-17],\n",
       "       [ 0.00000000e+00,  0.00000000e+00,  0.00000000e+00,\n",
       "         0.00000000e+00,  1.00000000e+00, -3.43284912e-16],\n",
       "       [ 0.00000000e+00,  0.00000000e+00,  0.00000000e+00,\n",
       "         0.00000000e+00,  0.00000000e+00,  1.00000000e+00]])"
      ]
     },
     "execution_count": 50,
     "metadata": {},
     "output_type": "execute_result"
    }
   ],
   "execution_count": 50
  },
  {
   "metadata": {
    "ExecuteTime": {
     "end_time": "2026-05-27T03:16:14.146435Z",
     "start_time": "2026-05-27T03:16:14.126710Z"
    }
   },
   "cell_type": "code",
   "source": [
    "v = np.arange(10, 16)\n",
    "v"
   ],
   "id": "75c4aebd5abfed37",
   "outputs": [
    {
     "data": {
      "text/plain": [
       "array([10, 11, 12, 13, 14, 15])"
      ]
     },
     "execution_count": 31,
     "metadata": {},
     "output_type": "execute_result"
    }
   ],
   "execution_count": 31
  },
  {
   "metadata": {
    "ExecuteTime": {
     "end_time": "2026-05-27T03:16:14.965637Z",
     "start_time": "2026-05-27T03:16:14.945042Z"
    }
   },
   "cell_type": "code",
   "source": "np.linalg.norm(U[:,0])",
   "id": "b7e8ff84631fdb4b",
   "outputs": [
    {
     "data": {
      "text/plain": [
       "np.float64(0.9999999999999999)"
      ]
     },
     "execution_count": 32,
     "metadata": {},
     "output_type": "execute_result"
    }
   ],
   "execution_count": 32
  },
  {
   "metadata": {
    "ExecuteTime": {
     "end_time": "2026-05-27T03:18:48.684345Z",
     "start_time": "2026-05-27T03:18:48.676820Z"
    }
   },
   "cell_type": "code",
   "source": [
    "U_mod = v * U\n",
    "U_mod"
   ],
   "id": "dc991110af6d3617",
   "outputs": [
    {
     "data": {
      "text/plain": [
       "array([[ -0.79183983,  -2.87002498,   8.84218967,   2.92938204,\n",
       "         -6.21323647,  -5.51075896],\n",
       "       [ -3.37231576,  -8.8671332 ,  -2.69051717,   3.48856016,\n",
       "          0.2627838 ,   5.06098988],\n",
       "       [ -5.13469683,  -0.85228564,  -4.56416827,  -4.26001393,\n",
       "         -1.30841664, -10.27871247],\n",
       "       [ -3.94230195,   0.28159624,   5.35077004,  -0.69421718,\n",
       "         11.20664135,  -0.5793359 ],\n",
       "       [ -5.49337432,   2.77488537,   2.25838027,  -5.37329828,\n",
       "         -5.39705567,   7.93325542],\n",
       "       [ -3.98954365,   5.06272943,  -2.00353331,  10.03726448,\n",
       "         -0.94745076,  -0.30629311]])"
      ]
     },
     "execution_count": 46,
     "metadata": {},
     "output_type": "execute_result"
    }
   ],
   "execution_count": 46
  },
  {
   "metadata": {
    "ExecuteTime": {
     "end_time": "2026-05-27T03:22:35.931273Z",
     "start_time": "2026-05-27T03:22:35.917173Z"
    }
   },
   "cell_type": "code",
   "source": [
    "U_mod_Q, R_mod = np.linalg.qr(U_mod)\n",
    "R_mod"
   ],
   "id": "ded0f5683a1848f9",
   "outputs": [
    {
     "data": {
      "text/plain": [
       "array([[ 1.00000000e+01, -2.41296421e-16,  2.26476904e-15,\n",
       "         8.24338339e-16, -2.72023499e-15, -1.46529761e-15],\n",
       "       [ 0.00000000e+00,  1.10000000e+01, -4.14872507e-15,\n",
       "         1.12911552e-15,  1.21625520e-15,  2.42221766e-15],\n",
       "       [ 0.00000000e+00,  0.00000000e+00,  1.20000000e+01,\n",
       "        -9.93273952e-16, -9.42907311e-17,  1.10821429e-15],\n",
       "       [ 0.00000000e+00,  0.00000000e+00,  0.00000000e+00,\n",
       "         1.30000000e+01,  5.99380663e-15,  1.16005627e-16],\n",
       "       [ 0.00000000e+00,  0.00000000e+00,  0.00000000e+00,\n",
       "         0.00000000e+00,  1.40000000e+01, -4.37820625e-15],\n",
       "       [ 0.00000000e+00,  0.00000000e+00,  0.00000000e+00,\n",
       "         0.00000000e+00,  0.00000000e+00,  1.50000000e+01]])"
      ]
     },
     "execution_count": 51,
     "metadata": {},
     "output_type": "execute_result"
    }
   ],
   "execution_count": 51
  },
  {
   "metadata": {
    "ExecuteTime": {
     "end_time": "2026-05-27T03:22:45.860006Z",
     "start_time": "2026-05-27T03:22:45.845812Z"
    }
   },
   "cell_type": "code",
   "source": "U_mod_Q.T @ U_mod_Q",
   "id": "fa074b7449dad0e2",
   "outputs": [
    {
     "data": {
      "text/plain": [
       "array([[ 1.00000000e+00,  7.17391635e-17, -1.73905471e-16,\n",
       "         4.96379212e-17,  1.04754483e-16,  2.27054516e-16],\n",
       "       [ 7.17391635e-17,  1.00000000e+00, -3.36766722e-17,\n",
       "         1.09058190e-16,  6.26346426e-17,  3.07945417e-17],\n",
       "       [-1.73905471e-16, -3.36766722e-17,  1.00000000e+00,\n",
       "         8.96965099e-18, -3.71099244e-17, -1.30434521e-16],\n",
       "       [ 4.96379212e-17,  1.09058190e-16,  8.96965099e-18,\n",
       "         1.00000000e+00,  1.36059080e-16,  4.97584811e-18],\n",
       "       [ 1.04754483e-16,  6.26346426e-17, -3.71099244e-17,\n",
       "         1.36059080e-16,  1.00000000e+00,  7.49286923e-18],\n",
       "       [ 2.27054516e-16,  3.07945417e-17, -1.30434521e-16,\n",
       "         4.97584811e-18,  7.49286923e-18,  1.00000000e+00]])"
      ]
     },
     "execution_count": 52,
     "metadata": {},
     "output_type": "execute_result"
    }
   ],
   "execution_count": 52
  },
  {
   "metadata": {
    "ExecuteTime": {
     "end_time": "2026-05-27T03:23:41.173511Z",
     "start_time": "2026-05-27T03:23:41.156920Z"
    }
   },
   "cell_type": "code",
   "source": [
    "U[0,3] = 0\n",
    "_, Broken_R = np.linalg.qr(U)\n",
    "# It is close to the identity matrix but not quite because by modifying U we made it linear dependent\n",
    "Broken_R"
   ],
   "id": "23528562684a07cd",
   "outputs": [
    {
     "data": {
      "text/plain": [
       "array([[ 1.00000000e+00, -1.18431017e-17,  3.19098286e-17,\n",
       "         1.78430875e-02, -1.02047154e-16, -1.05087994e-16],\n",
       "       [ 0.00000000e+00,  1.00000000e+00, -2.23179611e-16,\n",
       "         5.87930046e-02,  4.06470427e-17,  9.80356307e-17],\n",
       "       [ 0.00000000e+00,  0.00000000e+00,  1.00000000e+00,\n",
       "        -1.66039434e-01,  6.20062744e-17, -1.89868570e-16],\n",
       "       [ 0.00000000e+00,  0.00000000e+00,  0.00000000e+00,\n",
       "         9.58060078e-01,  1.04382998e-01,  8.64092181e-02],\n",
       "       [ 0.00000000e+00,  0.00000000e+00,  0.00000000e+00,\n",
       "         0.00000000e+00,  9.94537174e-01, -9.06919668e-03],\n",
       "       [ 0.00000000e+00,  0.00000000e+00,  0.00000000e+00,\n",
       "         0.00000000e+00,  0.00000000e+00,  9.96218448e-01]])"
      ]
     },
     "execution_count": 53,
     "metadata": {},
     "output_type": "execute_result"
    }
   ],
   "execution_count": 53
  },
  {
   "metadata": {},
   "cell_type": "code",
   "outputs": [],
   "execution_count": null,
   "source": "",
   "id": "303d792316eb2c31"
  }
 ],
 "metadata": {
  "kernelspec": {
   "display_name": "Python 3",
   "language": "python",
   "name": "python3"
  },
  "language_info": {
   "codemirror_mode": {
    "name": "ipython",
    "version": 2
   },
   "file_extension": ".py",
   "mimetype": "text/x-python",
   "name": "python",
   "nbconvert_exporter": "python",
   "pygments_lexer": "ipython2",
   "version": "2.7.6"
  }
 },
 "nbformat": 4,
 "nbformat_minor": 5
}
